2005 05 01 00 00  1.68  9.88 157           5.19                           22.5
2005 05 01 00 30  1.78 11.76 148           5.43                           22.5
2005 05 01 01 00  1.67 12.50 145           5.34                           22.5
2005 05 01 01 30  1.71 11.76 146           5.59                           22.5
2005 05 01 02 00  1.52 13.33 136           5.32                           22.5
2005 05 01 02 30  1.61 11.11 157           5.55                           22.6
2005 05 01 03 00  1.50 12.50 142           5.47                           22.5
2005 05 01 03 30  1.55 11.76 150           5.80                           22.6
2005 05 01 04 00  1.58 12.50 133           5.60                           22.6
2005 05 01 04 30  1.46 12.50 143           5.04                           22.6
2005 05 01 05 00  1.57 11.11 162           5.15                           22.6
2005 05 01 05 30  1.55 12.50 142           5.20                           22.6
2005 05 01 06 00  1.52 12.50 145           5.19                           22.6
2005 05 01 06 30  1.49 11.11 149           5.11                           22.6
2005 05 01 07 00  1.52 11.11 160           5.15                           22.6
2005 05 01 07 30  1.47 11.76 148           4.95                           22.6
2005 05 01 08 00  1.50 11.76 139           5.25                           22.7
2005 05 01 08 30  1.49 10.53 152           5.11                           22.7
2005 05 01 09 00  1.52 11.11 136           5.21                           22.7
2005 05 01 09 30  1.44 11.11 143           4.87                           22.8
2005 05 01 10 00  1.51 11.76 163           5.03                           22.8
2005 05 01 10 30  1.42 11.11 136           5.01                           22.8
2005 05 01 11 00  1.33 10.53 157           5.01                           22.7
2005 05 01 11 30  1.34 11.11 156           5.04                           22.7
2005 05 01 12 00  1.35 11.11 162           5.10                           22.6
2005 05 01 12 30  1.35 11.76 133           5.13                           22.6
2005 05 01 13 00  1.41 11.76 143           5.45                           22.6
2005 05 01 13 30  1.36 11.76 139           5.04                           22.6
2005 05 01 14 00  1.33 11.11 163           4.96                           22.6
2005 05 01 14 30  1.39 11.11 155           5.18                           22.6
2005 05 01 15 00  1.27 10.53 146           4.84                           22.6
2005 05 01 15 30  1.36 11.76 146           5.14                           22.6
2005 05 01 16 00  1.35 11.11 152           5.26                           22.7
2005 05 01 16 30  1.38 12.50 135           5.24                           22.6
2005 05 01 17 00  1.36 13.33 141           4.85                           22.6
2005 05 01 17 30  1.39 11.11 155           4.91                           22.6
2005 05 01 18 00  1.37 10.53 131           5.00                           22.6
2005 05 01 18 30  1.29 11.11 162           4.53                           22.6
2005 05 01 19 00  1.35 11.11 133           4.98                           22.5
2005 05 01 19 30  1.30 11.11 155           5.04                           22.5
2005 05 01 20 00  1.25 12.50 135           4.78                           22.5
2005 05 01 20 30  1.31 10.53 146           4.79                           22.5
2005 05 01 21 00  1.26 11.11 156           4.97                           22.5
2005 05 01 21 30  1.28  9.88 150           5.08                           22.5
2005 05 01 22 00  1.31 11.11 156           5.04                           22.5
2005 05 01 22 30  1.27 12.50 148           4.88                           22.5
2005 05 01 23 00  1.23 11.76 146           5.26                           22.5
2005 05 01 23 30  1.23 11.11 145           5.41                           22.5
2005 05 02 00 00  1.19 12.50 145           5.22                           22.4
2005 05 02 00 30  1.17 12.50 148           5.12                           22.5
2005 05 02 01 00  1.25 11.76 141           5.60                           22.5
2005 05 02 01 30  1.21 12.50 152           5.44                           22.5
2005 05 02 02 00  1.21 10.53 149           5.28                           22.5
2005 05 02 02 30  1.22 11.11 143           5.30                           22.4
2005 05 02 03 00  1.23 11.76 143           5.33                           22.5
2005 05 02 03 30  1.17 11.11 155           5.23                           22.5
2005 05 02 04 00  1.22 12.50 149           5.30                           22.4
2005 05 02 04 30  1.21  9.88 145           5.37                           22.4
2005 05 02 05 00  1.19 10.53 156           5.31                           22.4
2005 05 02 05 30  1.21 11.11 159           5.46                           22.4
2005 05 02 06 00  1.21 12.50 143           5.31                           22.4
2005 05 02 06 30  1.25 10.53 142           5.21                           22.4
2005 05 02 07 00  1.25 11.76 149           5.44                           22.5
2005 05 02 07 30  1.21 13.33 143           5.19                           22.4
2005 05 02 08 00  1.23 10.53 152           5.32                           22.5
2005 05 02 08 30  1.21  9.88 145           5.16                           22.5
2005 05 02 09 00  1.20  9.88 148           5.27                           22.5
2005 05 02 09 30  1.25 14.29 162           5.84                           22.5
2005 05 02 10 00  1.18  9.88 155           5.09                           22.5
2005 05 02 11 00  1.12 11.76 153           5.23                           22.5
2005 05 02 12 00  1.19 11.11 131           5.95                           22.5
2005 05 02 12 30  1.07 11.76 142           5.39                           22.5
2005 05 02 13 00  1.05 10.53 141           5.18                           22.5
2005 05 02 13 30  1.12 12.50 145           5.64                           22.6
2005 05 02 14 30  1.15 13.33 145           6.01                           22.6
2005 05 02 15 00  1.09 10.53 156           5.92                           22.8
2005 05 02 15 30  1.09 11.11 152           6.21                           22.9
2005 05 02 16 00  1.05 11.11 135           5.88                           23.0
2005 05 02 16 30  1.04 11.76 138           5.82                           23.0
2005 05 02 17 00  1.02  9.88 138           6.33                           22.8
2005 05 02 18 00  1.01 10.53 133           6.69                           22.8
2005 05 02 18 30  0.89 10.53 150           5.99                           22.9
2005 05 02 19 00  0.94 11.11 126           6.04                           22.9
2005 05 02 19 30  0.93 12.50 153           6.07                           22.9
2005 05 02 20 00  0.93 10.53 142           6.02                           22.9
2005 05 02 20 30  0.88 12.50 160           6.12                           22.8
2005 05 02 21 30  1.02  7.14 173           6.56                           22.8
2005 05 02 22 00  0.94 12.50 162           6.29                           22.7
2005 05 02 23 00  0.97 13.33 163           6.69                           22.6
2005 05 02 23 30  0.94 14.29 156           6.84                           22.6
2005 05 03 00 00  0.98 11.76 150           6.49                           22.6
2005 05 03 00 30  0.92 13.33 148           6.51                           22.6
2005 05 03 01 00  0.90 12.50 166           6.40                           22.6
2005 05 03 01 30  0.94 13.33 155           6.85                           22.6
2005 05 03 02 00  0.90 12.50 145           6.56                           22.6
2005 05 03 02 30  0.91 10.53 132           6.35                           22.6
2005 05 03 03 00  0.89 11.11 141           6.55                           22.6
2005 05 03 03 30  0.93 11.11 152           6.71                           22.6
2005 05 03 04 00  0.99 11.11 143           7.14                           22.6
2005 05 03 04 30  0.97 10.53 145           6.86                           22.5
2005 05 03 05 00  0.93 11.11 149           6.36                           22.6
2005 05 03 05 30  0.89 11.11 122           6.32                           22.6
2005 05 03 06 00  0.87 11.11 142           6.20                           22.6
2005 05 03 06 30  0.93 11.76 150           6.11                           22.6
2005 05 03 07 00  0.94 12.50 150           6.24                           22.6
2005 05 03 07 30  0.96 10.53 139           6.26                           22.6
2005 05 03 08 00  0.90 10.53 138           6.26                           22.6
2005 05 03 08 30  1.01 10.53 135           7.21                           22.6
2005 05 03 09 00  0.93  9.88 125           6.03                           22.6
2005 05 03 09 30  0.92 13.33 149           6.04                           22.6
2005 05 03 10 00  0.90 13.33 149           6.15                           22.6
2005 05 03 11 00  0.91 11.11 131           6.00                           22.6
2005 05 03 11 30  0.91 11.11 138           6.13                           22.6
2005 05 03 13 00  0.93  6.67 110           6.15                           22.8
2005 05 03 13 30  0.87 10.53 128           6.07                           22.8
2005 05 03 14 00  1.03 13.33 149           7.66                           23.0
2005 05 03 15 00  0.90 11.11 143           6.33                           23.4
2005 05 03 15 30  0.84 10.53 119           6.01                           23.8
2005 05 03 16 00  0.89  8.33 111           6.06                           23.8
2005 05 03 16 30  0.83 11.76 148           6.09                           23.6
2005 05 03 17 00  0.92 11.11 138           6.77                           23.4
2005 05 03 17 30  0.90 10.53 125           6.82                           23.2
2005 05 03 18 00  0.90  8.33 122           6.16                           23.3
2005 05 03 18 30  0.93 11.76 139           6.12                           23.2
2005 05 03 19 00  0.92  7.69 121           5.86                           23.0
2005 05 03 19 30  0.91  7.69 115           5.55                           22.9
2005 05 03 20 30  0.97  8.33 112           5.55                           22.7
2005 05 03 21 00  0.96 11.11 126           5.32                           22.7
2005 05 03 21 30  1.01  8.33 114           5.64                           22.7
2005 05 03 22 30  1.03  8.33 108           5.37                           22.6
2005 05 03 23 00  0.94  9.09 108           5.22                           22.7
2005 05 03 23 30  0.99  8.33 117           5.44                           22.7
2005 05 04 00 00  0.93 13.33 132           5.30                           22.7
2005 05 04 00 30  0.93 10.53 129           5.43                           22.6
2005 05 04 01 00  0.95  9.88 111           5.86                           22.6
2005 05 04 02 00  1.00 11.11 128           6.24                           22.7
2005 05 04 02 30  0.97  9.09 112           6.01                           22.7
2005 05 04 03 00  1.05 12.50 122           6.51                           22.7
2005 05 04 03 30  1.10 12.50 126           6.74                           22.7
2005 05 04 04 00  1.06 11.76 132           6.45                           22.7
2005 05 04 04 30  1.08 11.11 125           6.79                           22.7
2005 05 04 05 30  1.23 12.50 117           6.98                           22.7
2005 05 04 06 00  1.25 11.11 111           7.42                           22.7
2005 05 04 06 30  1.30 15.38 110           7.83                           22.8
2005 05 04 07 00  1.36 13.33 114           8.28                           22.8
2005 05 04 08 00  1.52 14.29 110           8.80                           22.8
2005 05 04 09 00  1.57 14.29 114           9.00                           22.8
2005 05 04 09 30  1.63 11.76 115           8.80                           22.7
2005 05 04 10 00  1.77 13.33 111           9.04                           22.8
2005 05 04 10 30  2.04 11.11 104          10.43                           22.8
2005 05 04 11 00  1.96 13.33 112           9.42                           22.8
2005 05 04 11 30  1.80 12.50 115           8.74                           22.8
2005 05 04 12 00  1.98 12.50 112           9.24                           22.8
2005 05 04 12 30  1.82 12.50 117           8.49                           22.8
2005 05 04 13 00  1.98 13.33 108           8.75                           22.8
2005 05 04 13 30  2.01 11.11 115           8.21                           22.8
2005 05 04 14 00  2.18 13.33 112           8.94                           22.8
2005 05 04 14 30  2.23 13.33 119           8.43                           22.7
2005 05 04 15 00  2.02 13.33 114           8.01                           22.6
2005 05 04 15 30  2.01 13.33 108           8.20                           22.6
2005 05 04 16 00  1.90 13.33 117           7.78                           22.6
2005 05 04 16 30  1.77 12.50 112           6.91                           22.5
2005 05 04 17 00  1.96 13.33 121           7.50                           22.5
2005 05 04 17 30  1.97 13.33 114           7.85                           22.5
2005 05 04 18 00  2.14 11.76 118           8.71                           22.5
2005 05 04 18 30  1.84 11.76 112           7.36                           22.5
2005 05 04 19 00  1.88 12.50 114           7.69                           22.5
2005 05 04 19 30  1.86 13.33 118           7.65                           22.5
2005 05 04 20 00  2.34 13.33 114           9.56                           22.5
2005 05 04 20 30  1.97 11.76 117           7.90                           22.5
2005 05 04 21 00  1.95 13.33 118           7.86                           22.5
2005 05 04 21 30  2.43 13.33 119          10.43                           22.5
2005 05 04 22 00  2.37 13.33 112          10.50                           22.5
2005 05 04 23 00  2.06 13.33 115           8.85                           22.5
2005 05 04 23 30  1.90 11.76 112           7.94                           22.5
2005 05 05 00 00  1.63 13.33 115           7.61                           22.5
2005 05 05 00 30  1.63 12.50 101           7.24                           22.5
2005 05 05 01 00  1.87 12.50 117           8.09                           22.5
2005 05 05 01 30  1.74 12.50 111           7.63                           22.5
2005 05 05 02 00  1.80 12.50 111           7.93                           22.5
2005 05 05 02 30  1.80 11.76 115           8.21                           22.5
2005 05 05 03 00  1.70 13.33 112           8.18                           22.5
2005 05 05 03 30  1.70 12.50 115           8.33                           22.4
2005 05 05 04 00  1.72 11.76 112           8.31                           22.4
2005 05 05 04 30  1.88 11.76 115           8.63                           22.4
2005 05 05 05 00  1.69 12.50 114           8.29                           22.4
2005 05 05 05 30  1.74 12.50 115           8.56                           22.4
2005 05 05 06 00  1.72 12.50 112           8.75                           22.7
2005 05 05 06 30  1.58 11.76 115           8.20                           22.6
2005 05 05 07 00  1.63 11.76 114           8.18                           22.8
2005 05 05 07 30  1.69 11.76 110           8.27                           22.8
2005 05 05 08 00  1.67 12.50 118           8.17                           22.8
2005 05 05 08 30  1.64 12.50 118           7.99                           22.7
2005 05 05 09 00  1.63 10.53 119           7.77                           22.6
2005 05 05 09 30  1.64 11.76 103           7.95                           22.6
2005 05 05 10 00  1.85 11.11 107           8.50                           22.6
2005 05 05 10 30  1.68 11.11 117           8.26                           22.6
2005 05 05 11 00  1.59 11.11 115           8.05                           22.7
2005 05 05 11 30  1.56 12.50 108           8.15                           22.6
2005 05 05 12 00  1.64 11.76 122           8.18                           22.5
2005 05 05 12 30  1.67 11.76 117           8.04                           22.5
2005 05 05 13 00  1.57 11.11 107           7.53                           22.5
2005 05 05 13 30  1.65 11.76 118           7.84                           22.5
2005 05 05 14 00  1.55 12.50 111           7.20                           22.5
2005 05 05 14 30  1.62 11.76 112           6.90                           22.5
2005 05 05 15 00  1.64 14.29 159           7.09                           22.6
2005 05 05 15 30  1.55 11.11 108           6.48                           22.5
2005 05 05 16 00  1.64 11.76 111           6.77                           22.5
2005 05 05 16 30  1.69 11.76 119           6.73                           22.6
2005 05 05 17 00  1.60 11.76 119           6.66                           22.5
2005 05 05 17 30  1.61 11.11 105           6.55                           22.5
2005 05 05 18 00  1.55 11.76 117           6.49                           22.5
2005 05 05 19 30  1.54 11.11 107           6.41                           22.5
2005 05 05 20 00  1.53 11.11 108           6.31                           22.5
2005 05 05 20 30  1.60 10.53 111           6.34                           22.5
2005 05 05 21 00  1.55 13.33 160           6.17                           22.5
2005 05 05 21 30  1.60 11.11 117           6.73                           22.5
2005 05 05 22 00  1.61 11.11 122           6.37                           22.5
2005 05 05 22 30  1.50 11.11 117           6.07                           22.5
2005 05 05 23 00  1.54 11.11 117           5.99                           22.5
2005 05 05 23 30  1.47  9.88 115           5.76                           22.6
2005 05 06 00 00  1.51 10.53 122           5.78                           22.6
2005 05 06 00 30  1.53 11.11 115           6.06                           22.6
2005 05 06 01 00  1.45 11.11 124           5.66                           22.6
2005 05 06 01 30  1.49 13.33 157           5.97                           22.6
2005 05 06 02 00  1.49 10.53 104           5.57                           22.6
2005 05 06 02 30  1.45 12.50 145           5.85                           22.6
2005 05 06 03 00  1.49 11.11 121           6.01                           22.6
2005 05 06 03 30  1.47 10.53 121           5.85                           22.6
2005 05 06 04 00  1.46  9.88 111           5.57                           22.8
2005 05 06 04 30  1.46 11.11 125           5.58                           22.9
2005 05 06 05 00  1.50 10.53 117           5.36                           22.9
2005 05 06 05 30  1.51 10.53 114           5.29                           22.9
2005 05 06 06 00  1.40 10.53 108           5.25                           22.9
2005 05 06 06 30  1.42 10.53 110           5.30                           22.9
2005 05 06 07 00  1.40 10.53 125           5.08                           22.8
2005 05 06 07 30  1.39 10.53 115           5.29                           22.8
2005 05 06 08 00  1.47 10.53 119           5.41                           22.8
2005 05 06 08 30  1.42  9.88 112           5.36                           22.7
2005 05 06 09 00  1.43  9.88 111           5.16                           22.6
2005 05 06 09 30  1.43 10.53 103           5.15                           22.6
2005 05 06 10 00  1.46  9.88 125           5.30                           22.6
2005 05 06 10 30  1.44  9.88 119           5.04                           22.6
2005 05 06 11 00  1.42  9.88 111           5.18                           22.5
2005 05 06 11 30  1.42 10.53 117           5.13                           22.5
2005 05 06 12 00  1.36 10.53 126           5.19                           22.5
2005 05 06 12 30  1.50 10.53 108           5.42                           22.5
2005 05 06 13 00  1.42  9.88 126           5.08                           22.5
2005 05 06 13 30  1.41  9.88 112           5.17                           22.6
2005 05 06 14 00  1.43  9.88 108           5.16                           22.6
2005 05 06 14 30  1.39  5.56  62           5.10                           22.6
2005 05 06 15 00  1.39  9.88 114           4.94                           22.6
2005 05 06 15 30  1.50  9.88 121           5.30                           22.6
2005 05 06 16 00  1.39  5.26  45           5.34                           22.6
2005 05 06 16 30  1.26 10.53 118           5.36                           22.7
2005 05 06 17 00  1.27  9.88 114           5.26                           22.7
2005 05 06 17 30  1.25  9.88 125           5.19                           22.7
2005 05 06 18 00  1.20  9.09 114           5.11                           22.7
2005 05 06 18 30  1.25  9.88 104           5.15                           22.7
2005 05 06 19 00  1.20  5.26  53           5.15                           22.7
2005 05 06 19 30  1.23  9.88 112           5.31                           22.7
2005 05 06 20 00  1.20  9.09 115           5.28                           22.6
2005 05 06 20 30  1.24  9.88 111           5.36                           22.6
2005 05 06 21 00  1.13  9.88 115           5.27                           22.6
2005 05 06 21 30  1.07  5.56  77           5.14                           22.6
2005 05 06 22 00  1.20  9.88 115           5.51                           22.6
2005 05 06 22 30  1.08  5.88  74           5.35                           22.6
2005 05 06 23 00  1.13  9.88 114           5.40                           22.6
2005 05 06 23 30  1.09  5.88  70           5.52                           22.6
2005 05 07 00 00  1.09  5.88  70           5.38                           22.6
2005 05 07 00 30  1.07  9.09 115           5.55                           22.6
2005 05 07 01 00  1.06  9.88 121           5.68                           22.6
2005 05 07 01 30  1.09  9.88 129           5.71                           22.6
2005 05 07 02 00  1.12  9.09 110           5.69                           22.6
2005 05 07 02 30  1.01  8.33 107           5.58                           22.6
2005 05 07 03 00  1.11  9.09 110           6.68                           22.5
2005 05 07 03 30  1.02  9.09 114           5.83                           22.5
2005 05 07 04 00  1.03  9.09 115           5.86                           22.5
2005 05 07 04 30  0.98 11.11 149           5.84                           22.5
2005 05 07 05 00  0.97  9.09 118           5.95                           22.5
2005 05 07 05 30  0.96  9.09 119           5.93                           22.5
2005 05 07 06 00  0.97  9.09 112           5.84                           22.5
2005 05 07 07 00  0.96  5.26  52           5.79                           22.5
2005 05 07 07 30  0.97  5.56  63           5.90                           22.5
2005 05 07 08 00  0.95  9.09 111           5.98                           22.5
2005 05 07 08 30  0.96  9.09 115           6.31                           22.5
2005 05 07 09 00  0.97  5.88  53           5.93                           22.5